1;2;3;4;5;6;7;8;9;10;11;12;13;14;15;16;17;18;19;20;21;22;23;24;25;26;27;28;29;30;31;32;33;34;35;36;37;38;39;40;41;42;43;44;45;46;47;48;49;50;51;52;53;54;55;56;57;58;59;60;61;62;63;64;65;66;67;68;69;70;71;72;73;74;75;76;77;78;79;80;81;82;83;84;85;86;87;88;89;90;91;92;93;94;95;96;97;98;99;100;101;102;103;104;105;106;107;108;109;110;111;112;113;114;115;116;117;118;119;120;121;122;123;124;125;126;127;128;129;130;131;132;133;134;135;136;137;138;139;140;141;142;143;144;145;146;147;148;149;150;151;152;153;154;155;156;157;158;159;160;161;162;163;164;165;166;167;168;169;170;171;172;173;174;175;176;177;178;179;180;181;182;183;184;185;186;187;188;189;190;191;192;193;194;195;196;197;198;199;200;201;202;203;204;205;206;207;208;209;210;211#
(1,2,1)
(2,1,1)(2,3,1)
(3,2,1)(3,4,1)
(4,3,1)(4,5,1)
(5,4,1)(5,6,1)
(6,5,1)(6,6,1)
(7,6,1)(7,8,1)
(8,7,1)(8,9,1)
(9,8,1)(9,10,1)
(10,9,1)(10,11,1)
(11,10,1)(11,12,2)
(12,11,2)(12,13,2)
(13,12,2)(13,19,2)
(14,15,2)
(15,14,2)(15,16,2)
(16,15,2)(16,17,2)
(17,16,2)(17,18,2)
(18,17,2)(18,19,2)
(19,18,2)(19,20,2)(19,13,2)
(20,19,2)(20,21,2)
(21,20,2)(21,22,2)
(22,21,2)(22,23,2)
(23,22,2)(23,24,2)
(24,23,2)(24,25,1)
(25,24,1)(25,26,1)
(26,25,1)(26,27,1)
(27,26,1)(27,28,1)
(28,27,1)(28,182,1)(28,193,2)(28,192,1)
(182,28,1)(182,29,1)
(29,182,1)(29,30,1)(29,125,1)
(30,29,1)(30,31,1)(30,126,2)
(31,30,1)(31,32,1)
(32,31,1)(32,33,1)(32,165,2)(32,164,2)
(33,32,1)(33,34,5)
(34,33,5)(34,35,2)(34,149,1)(34,91,4)
(35,34,2)(35,36,1)(35,91,2)(35,90,1)
(36,35,1)(36,37,1)
(37,36,1)(37,38,1)
(38,37,1)(38,39,2)(38,62,1)(38,161,2)
(39,38,2)(39,40,2)(39,63,1)(39,64,1)
(40,39,2)(40,41,3)
(41,40,3)(41,42,2)
(42,41,2)(42,43,1)(42,155,2)(42,154,3)
(43,42,1)(43,44,3)
(44,43,3)(44,45,2)
(45,44,2)(45,46,1)(45,178,1)(45,72,1)(45,179,1)
(46,45,1)(46,47,1)
(47,46,1)(47,48,1)
(48,47,1)(48,49,1)
(49,48,1)(49,50,1)
(50,49,1)
(51,52,1)
(52,51,1)(52,53,1)(52,137,3)
(53,52,1)(53,54,1)
(54,53,1)(54,55,1)
(55,54,1)(55,56,1)
(56,55,1)(56,57,1)
(57,56,1)(57,58,1)
(58,57,1)(58,59,2)
(59,58,2)(59,60,5)(59,115,1)(59,116,1)
(60,59,5)(60,61,1)(60,85,1)(60,86,1)
(61,60,1)(61,62,1)
(62,61,1)(62,63,1)(62,160,4)(62,38,1)
(63,62,1)(63,39,1)
(64,39,1)(64,65,1)
(65,64,1)(65,66,2)(65,151,3)(65,150,1)(65,161,2)(65,92,4)
(66,65,2)(66,67,2)
(67,66,2)(67,68,1)(67,181,2)(67,93,2)
(68,67,1)(68,69,1)
(69,68,1)(69,70,1)
(70,69,1)(70,71,2)
(71,70,2)(71,72,2)(71,202,2)
(72,71,2)(72,45,1)
(73,74,1)
(74,73,1)(74,75,1)
(75,74,1)(75,76,1)
(76,75,1)(76,77,1)
(77,76,1)(77,78,1)
(78,77,1)(78,79,1)
(79,78,1)(79,80,1)
(80,79,1)(80,81,1)
(81,80,1)(81,82,1)
(82,81,1)(82,83,1)
(83,82,1)(83,84,1)
(84,83,1)(84,85,1)
(85,84,1)(85,86,1)
(86,60,1)(86,87,1)
(87,86,1)(87,88,1)
(88,87,1)(88,89,1)
(89,88,1)(89,90,1)
(90,89,1)(90,35,1)
(91,35,2)(91,92,2)(91,150,1)(91,34,4)
(92,91,2)(92,93,1)(92,163,6)(92,65,4)
(93,92,1)(93,94,2)(93,67,2)(93,162,6)
(94,93,2)(94,95,1)
(95,94,1)(95,96,1)
(96,95,1)(96,97,1)
(97,96,1)(97,98,1)
(98,97,1)(98,99,4)
(99,98,4)(99,100,2)
(100,99,2)(100,101,2)
(101,100,2)(101,102,2)
(102,101,2)
(103,104,1)
(104,103,1)(104,105,1)
(105,104,1)(105,106,1)
(106,105,1)(106,107,1)
(107,106,1)(107,108,1)
(108,107,1)(108,109,1)
(109,108,1)(109,110,1)
(110,109,1)(110,111,1)
(111,110,1)(111,112,1)
(112,111,1)(112,113,1)
(113,112,1)(113,114,1)
(114,113,1)(114,115,1)
(115,114,1)(115,59,1)
(116,59,1)(116,117,1)
(117,116,1)(117,118,1)
(118,117,1)(118,119,1)
(119,118,1)(119,120,3)
(120,119,3)(120,121,1)(120,144,3)(120,146,1)
(121,120,1)(121,122,5)
(122,121,5)(122,123,1)
(123,122,1)(123,124,1)
(124,123,1)(124,125,1)(124,165,2)(124,166,2)
(125,124,1)(125,29,1)
(126,30,4)(126,127,2)
(127,126,2)(127,128,2)
(128,127,2)(128,129,2)
(129,128,2)(129,130,2)(129,186,1)(129,188,1)
(130,129,2)(130,131,2)
(131,130,2)(131,132,2)
(132,131,2)(132,133,2)
(133,132,2)(133,134,2)
(134,133,2)(134,135,2)
(135,134,2)(135,136,2)
(136,135,2)
(137,52,3)(137,138,3)
(138,137,3)(138,139,3)
(139,138,3)(139,140,4)
(140,139,4)(140,141,3)
(141,140,3)(141,142,3)
(142,141,3)(142,143,3)
(143,142,3)(143,144,3)
(144,143,3)(144,120,3)
(146,120,1)(146,147,3)
(147,146,3)(147,148,1)
(148,147,1)(148,149,1)
(149,148,1)(149,34,1)
(150,91,1)(150,65,1)
(151,65,3)(151,152,1)
(152,151,1)(152,153,1)
(153,152,1)(153,154,1)
(154,153,1)(154,42,3)
(155,42,2)(155,156,2)
(156,155,2)(156,157,3)(156,159,4)
(157,156,3)(157,158,3)
(158,157,3)
(159,156,4)(159,160,4)
(160,159,4)(160,62,4)
(161,38,2)(161,65,3)
(162,185,1)(162,93,6)
(163,92,6)(163,164,1)
(164,163,1)(164,32,2)
(165,32,2)(165,124,2)
(166,124,2)(166,167,1)
(167,166,1)(167,168,1)
(168,167,1)(168,169,1)
(169,168,1)(169,170,1)
(170,169,1)(170,171,1)(170,198,3)(170,200,4)
(171,170,1)(171,172,1)
(172,171,1)(172,173,1)
(173,172,1)(173,174,1)
(174,173,1)(174,175,1)
(175,174,1)(175,176,1)
(176,175,1)(176,177,1)
(177,176,1)
(178,45,1)
(179,45,1)(179,180,1)
(180,179,1)(180,181,1)
(181,180,1)(181,67,2)
(183,199,2)
(184,199,2)(184,194,2)
(185,162,1)(185,186,1)
(186,185,1)(186,129,1)
(187,191,1)(187,192,1)
(188,129,2)(188,189,2)
(189,188,2)(189,190,1)
(190,189,1)(190,191,1)
(191,190,1)(191,187,1)
(192,187,1)(192,28,1)
(193,28,3)(193,195,2)
(194,184,2)(194,211,2)
(195,193,2)(195,196,2)
(196,195,2)(197,196,2)
(197,196,2)(197,198,2)
(198,197,2)(198,170,3)
(199,183,2)(199,184,2)
(200,170,4)(200,201,3)
(201,200,3)
(202,71,2)(202,203,1)
(203,202,1)(203,204,3)
(204,203,3)(204,205,1)
(205,204,1)(205,206,1)
(206,205,1)(206,207,1)
(207,206,1)(207,145,1)
(145,207,1)(145,208,1)
(208,145,1)(208,209,1)
(209,208,1)(209,210,1)
(210,211,1)(210,209,1)
(211,210,1)(211,194,1)#


